ID 1: [(569.708984375, 383.77593994140625), (573.9012451171875, 386.9215087890625)]
ID 2: [(538.8394775390625, 391.9727783203125), (542.5804443359375, 395.65350341796875), (537.4892578125, 406.8458251953125), (534.8015747070312, 410.64447021484375), (532.9927978515625, 412.5444030761719), (530.90185546875, 414.27703857421875), (529.32568359375, 415.26861572265625)]
ID 3: [(558.6964111328125, 423.82464599609375), (562.5298461914062, 425.918701171875), (577.0554809570312, 417.6803894042969), (574.443359375, 420.6463623046875), (569.6065673828125, 423.8521728515625), (565.7088623046875, 426.502197265625), (563.6529541015625, 427.8778381347656), (560.6266479492188, 429.16558837890625)]
ID 4: [(605.8391723632812, 481.242919921875), (610.67529296875, 484.69598388671875)]
ID 5: [(152.25473022460938, 377.4581298828125), (156.1607666015625, 380.6242980957031)]
ID 6: [(374.4554443359375, 258.25994873046875), (380.5108642578125, 259.0213623046875)]
ID 8: [(542.4386596679688, 370.77874755859375), (541.044189453125, 373.5379333496094), (539.873046875, 376.540283203125), (539.095458984375, 377.9588623046875), (538.09814453125, 378.1973876953125), (535.8145751953125, 376.2506103515625), (534.3028564453125, 375.9471435546875), (533.5414428710938, 374.67413330078125), (532.8843383789062, 374.78167724609375), (532.898193359375, 374.0547790527344), (533.0282592773438, 374.0245056152344), (533.0211791992188, 374.1953125), (532.1278076171875, 373.13262939453125), (531.734619140625, 373.7542724609375), (531.6869506835938, 374.6150817871094)]
ID 9: [(513.1434326171875, 380.9344787597656), (512.3550415039062, 381.2331848144531), (511.2624816894531, 380.161865234375), (510.0540771484375, 380.553955078125), (508.91748046875, 381.421875), (503.34625244140625, 386.97528076171875), (499.9777526855469, 389.178955078125), (498.73687744140625, 389.11163330078125), (498.1085205078125, 389.317626953125), (497.65850830078125, 389.0670471191406), (497.7464599609375, 389.1656188964844), (497.2105712890625, 390.6001892089844), (494.2208251953125, 394.20172119140625), (485.838134765625, 400.82025146484375), (481.6676025390625, 405.10015869140625), (478.14501953125, 409.29949951171875), (477.04913330078125, 413.173583984375)]
ID 10: [(583.4737548828125, 470.0910949707031), (583.1807861328125, 471.63629150390625), (581.570068359375, 473.685546875), (580.3450317382812, 476.07855224609375), (580.0328369140625, 478.39178466796875), (583.9752197265625, 497.73468017578125), (593.126953125, 516.739501953125), (596.8135986328125, 522.0731811523438), (600.2021484375, 527.4744873046875), (606.0970458984375, 533.98974609375), (609.156982421875, 536.84033203125), (615.9014892578125, 545.7020263671875), (621.8543701171875, 559.509765625), (623.7481689453125, 589.0987548828125), (625.0501708984375, 605.6735229492188), (626.77587890625, 620.2002563476562), (628.8252563476562, 628.6109619140625), (623.0711669921875, 629.5694580078125), (623.92138671875, 631.46435546875)]
ID 11: [(129.13351440429688, 364.94671630859375), (129.2440185546875, 364.7015075683594), (129.39300537109375, 364.7021484375), (129.25621032714844, 364.98028564453125), (129.73487854003906, 364.8775634765625), (128.8765869140625, 365.85906982421875), (128.55917358398438, 368.160400390625), (128.26382446289062, 368.17987060546875), (127.47994995117188, 368.999755859375)]
ID 12: [(359.02362060546875, 243.33868408203125), (358.3879089355469, 242.7986602783203), (358.9610595703125, 240.18206787109375), (361.9547424316406, 237.72325134277344), (363.30322265625, 236.16278076171875), (365.11517333984375, 235.95643615722656), (367.64703369140625, 235.46438598632812), (368.9331970214844, 235.60458374023438), (369.65057373046875, 235.46304321289062)]
ID 13: [(515.1749267578125, 456.53887939453125), (513.3019409179688, 455.87847900390625), (510.96319580078125, 456.716552734375), (505.840576171875, 457.9459228515625), (503.59124755859375, 458.8694152832031), (496.7247009277344, 459.3981628417969), (488.1216125488281, 458.57391357421875), (473.76080322265625, 456.067138671875), (469.1109619140625, 456.413818359375), (470.0438537597656, 457.71319580078125), (472.7568054199219, 459.77923583984375)]
ID 15: [(451.8048400878906, 413.175537109375), (449.30767822265625, 412.4107666015625), (441.9555969238281, 408.64825439453125), (438.1102294921875, 407.01513671875), (428.49078369140625, 403.3536376953125), (414.97100830078125, 397.02978515625), (390.07940673828125, 385.56524658203125)]
